200989
200781
300918
500228
300361
100869
200804
600650
300182
100967
200918
300776
700550
100853
100700
700012
800085
900089
200563
200795
500645
600626
800023
800651
100939
100933
900666
700317
100037
400741
900311
200568
400379
600421
300942
100331
200911
100914
500591
100589
300570
600703
400690
200869
300765
100901
500427
400162
100142
900195
600062
200912
800697
900004
800019
800254
300897
500014
400618
700122
600661
400438
500853
200720
800986
100788
200300
700983
300800
900345
900793
200595
900184
800929
100156
700657
100391
100646
400779
700674
900056
700430
300472
600828
900431
600732
500995
600579
700641
500043
800176
900219
900047
200153
900124
500700
600554
500011
900016
100809
800112
100240
600669
300536
800054
100406
200823
500714
800847
800003
700002
200877
400823
800410
100399
400209
100076
700622
100356
200598
400893
200053
800319
500597
400224
800194
500061
800162
600770
100144
500288
200892
600380
900630
200059
100116
900956
600925
600273
700175
600688
900309
100934
400797
200905
600379
400906
400984
200819
900009
400955
300315
700851
900723
700032
100970
500991
300856
900006
600012
100949
900530
600397
700126
800571
900329
200546
700624
100334
100276
200919
700072
600794
900927
500604
200471
800894
800124
100911
400011
300870
400905
300989
500647
800529
200888
200963
900082
400030
900325
400158
500271
800991
100918
900072
300993
100928
900033
400288
100534
800046
600033
900566
300781
800041
700113
400938
500021
800939
100766
600729
400242
700556
400423
700936
100996
600110
900897
900239
300456
600589
200906
600733
900866
100836
500882
200890
100888
300949
500434
300253
900316
600990
100768
800681
400081
100392
800008
400363
100984
400391
100624
700890
700330
400197
900026
800789
700419
100153
600568
400879
300926
100132
200323
300032
500414
300542
600675
200152
500078
800523
300880
100745
400878
100200
600095
800373
700045
600205
100538
300711
900819
300791
600129
800088
800684
800773
700017
500479
400212
100079
200411
100747
800340
800568
300760
900074
600908
900023
500361
100680
400082
400780
200834
100437
300973
900704
100779
500111
600671
300896
800128
200121
500254
800387
300921
300038
200084
600641
800240
300128
900540
600260
700645
100966
900128
300494
900760
200936
200708
600300
200503
500636
100776
800069
200175
200564
100411
700677
400708
700283
300582
700319
500422
800555
300594
900860
500223
800356
500327
200956
500622
101000
700644
600587
500581
900196
100771
400925
300923
400895
300739
600872
900249
700242
800247
900111
800304
300310
500545
200949
500293
900120
200874
100318
300961
500176
800309
200043
400262
700395
100707
400840
600718
900092
700074
800300
200034
600079
500819
800952
800435
800064
200885
100847
300904
400568
100435
700701
600801
500481
500440
500992
100994
200914
700003
800103
900038
100871
800110
800107
100816
400338
100205
500747
600097
300782
400992
100859
700046
800074
100537
400670
200524
500657
300413
900095
800091
600023
600263
300130
500752
100099
400232
400579
200167
300929
700500
900454
500190
500727
700190
400057
300115
400090
200876
300011
300850
500127
800944
200678
100986
100430
400563
900191
700028
500400
900578
600445
600808
400143
200191
400071
700204
300865
300401
900667
400675
100542
500408
200275
100596
500899
200909
200206
800562
300766
900129
400199
500173
500451
800584
900027
600118
500653
800849
800113
500916
200743
100947
800686
900697
600905
700819
100823
700934
100668
900146
600013
900099
300972
800016
700245
400112
300808
600941
600912
200935
200509
900600
600467
800848
400405
600133
400291
100158
600865
800271
900868
500541
500080
900201
700856
600005
700246
400065
100277
400313
200786
500919
700226
100701
900132
900183
800710
100695
400952
700937
800216
900130
600329
300152
700106
300840
800182
200939
700216
200913
600289
500165
800298
400218
100085
700169
400036
500612
200479
800745
700385
100119
600252
300119
600406
300273
100313
600673
800119
300616
600749
700989
500856
900178
600045
600712
500511
200378
200979
400024
800028
800031
400664
700797
300329
100088
700977
200570
600758
400947
100814
800043
100407
600139
300006
600947
500926
600209
900342
800234
700108
900451
600318
800048
800642
500509
400402
100269
300745
900464
300198
800242
800536
600396
900529
800322
600706
300573
200853
900952
300686
900552
700835
100569
100941
700166
200875
200182
600114
900185
800360
400201
900728
600322
900455
300265
100259
700525
800150
500017
100920
800068
500473
200340
600843
900976
200845
500978
500275
100812
500152
800353
500220
200901
700827
100561
300195
600328
900461
900538
600405
600663
300530
400311
100749
400882
900135
400004
700137
100631
400764
700897
100908
600725
900858
800489
900294
200207
900424
300158
800067
500904
300222
100395
400528
600638
100635
400768
100036
600737
800044
100135
700878
100612
400745
300399
800655
900141
600008
100237
400370
600714
300581
500562
900989
400818
100685
700951
400970
100837
500769
900677
700445
400312
500459
200891
900769
800578
300733
900999
900204
300872
800027
900172
900481
600348
100027
500039
800172
700384
700058
800094
300495
500178
500897
900113
500019
800152
900840
600707
900081
300694
700568
600194
900327
400135
800488
400016
600923
600751
300618
900884
400159
700292
100026
500122
800255
500119
800252
400733
100600
700469
100450
400583
300721
200856
500132
300931
600985
100317
500666
800799
200994
400796
300575
900841
900694
300428
900223
500050
800183
500051
600862
300729
900995
200657
800076
600875
300966
700202
400069
900041
300988
900526
600393
100665
300085
900351
600218
200531
900361
800859
100883
700551
700069
800875
200609
300980
300987
200077
800343
700738
400605
800636
300845
800888
600693
400913
100780
300890
700181
400048
800416
500283
100924
200561
600477
900215
600082
900757
300491
700085
700027
200117
600547
600113
900246
300763
400827
700960
100694
100891
100729
600241
300108
900374
100438
400571
600135
900268
300832
600965
900126
700548
800122
500942
700361
300892
200627
800893
700356
100090
900067
200889
500888
200755
400117
700250
500616
700225
100117
700383
400250
600216
900349
900157
200522
200082
800348
100468
400601
600034
200883
100263
600585
900718
300452
600415
400118
700817
500875
200742
100965
800190
300882
300386
900652
600519
700886
100620
600164
300005
400784
900097
100878
200262
500395
900008
300338
900604
900943
400397
300551
900817
700154
800362
200096
300482
900748
800733
500600
300846
600364
100991
400210
100077
700509
400376
900182
900086
900805
300539
500802
200669
700919
400786
100653
300586
500183
800316
100935
100516
700782
200599
400974
700179
800811
500678
800381
200115
900857
300591
400790
700923
800998
200732
500865
700286
100753
600743
100588
900053
300137
900447
600009
100648
300437
600570
100945
500771
100173
200803
800746
300802
100767
400900
400401
600451
300318
900584
100609
700875
700095
900763
300497
300360
300311
600444
900577
400632
700765
900621
100886
200409
900030
900154
900498
400088
700221
900227
200133
800399
600174
300982
600091
900224
800011
300714
900980
800145
500012
100288
400421
700182
700888
100622
700553
100287
400750
100617
200961
500410
800543
200277
500331
600179
800166
700064
500155
800288
500783
200650
800621
500488
200355
200880
100815
200972
500984
900589
600456
300323
500892
400084
700217
400867
701000
100016
400149
200649
300502
100490
700756
900972
600839
800189
800531
500398
200265
800089
400967
100834
100769
300910
800039
900947
600814
300889
300777
500930
700156
800469
400130
400973
900643
100163
100427
400560
600197
900330
100985
900922
100202
400335
900570
300304
400390
401000
100867
100360
400493
500971
200838
800257
500172
200039
400917
300206
700187
400474
100341
200309
200872
800979
800679
700014
900363
600230
500985
300646
900912
600472
300339
800026
300242
800432
500000
300062
200833
500966
700083
700905
400772
900003
500026
800159
200986
200988
400119
600531
900664
600619
900752
800726
800258
100910
500670
800803
900174
100101
200993
700748
600271
300138
800851
200585
300818
600167
900300
300034
400951
100381
700647
500686
300664
900930
700514
400381
700227
400094
700969
100703
200930
400987
900710
600577
700056
100875
600395
900528
300296
600429
600076
900209
400060
700193
600674
300541
600413
300280
700033
400704
700837
400422
700555
800241
800123
200957
900372
700604
800850
500717
500489
800025
100227
800071
800108
600692
200384
800650
900066
400324
700457
100191
300522
900112
800226
500093
700872
500482
200349
800281
500148
300978
300866
200882
800120
500092
800225
700918
400785
200971
800168
500035
100998
300930
800237
600404
200977
300024
900290
200761
600783
900916
900869
900340
600207
100806
400347
100214
300976
100750
800040
100758
400063
300937
200205
700265
400132
900795
600662
800228
500278
800411
400507
100374
400944
100879
100074
700340
100236
700092
500830
200697
300687
600820
300924
600895
900202
800953
500820
700355
400222
100089
300822
600955
500561
200428
300358
600491
100208
700474
700581
400448
100315
300767
600900
600921
300788
600506
900639
400997
100864
900270
500505
400029
700162
800058
700708
300645
600778
400865
200163
700026
800142
300678
600811
100801
700598
600381
300248
301000
400751
100618
300295
900561
600428
700758
100492
400294
700427
100093
400226
500974
200841
400622
100371
700637
100445
700711
100124
400257
700390
200388
500521
800654
600695
300562
900981
300715
600848
600928
900861
600217
200280
800546
200955
400461
300769
500934
800286
200020
100052
300759
600089
200551
600774
500763
800896
200768
500901
700128
500462
100321
600938
400492
700625
600987
300854
500052
700830
600367
900500
900719
200368
800634
700982
400849
200477
400923
300241
200536
800802
500902
200769
900470
200695
800641
300102
900368
600235
700882
100616
300815
600948
100660
400793
800967
200701
500532
800665
800530
200264
800943
500810
500042
300313
400395
100262
500170
200037
100067
400200
600136
300819
800920
200654
200810
300378
100295
700561
100971
100821
600319
900452
900798
200895
100775
400908
300785
600918
200704
500837
800970
100329
700595
400462
200552
800818
900913
300647
500609
800742
700049
200316
500179
800312
400989
100856
100477
700743
800649
200383
700639
900625
600492
800284
500963
700135
900308
600208
900341
700950
400817
300475
600244
900377
400161
100028
500778
600048
600338
900471
700380
200308
800574
200863
500996
100842
400975
700112
400728
100595
200610
500743
800876
100350
700616
500055
800188
400503
500298
900544
700853
400926
100793
900829
300563
400982
400233
100100
100520
700786
800735
500602
100946
900484
600504
400996
300958
600092
100403
300184
600317
900450
800871
200605
900115
700522
100256
700705
600430
900563
300297
200190
800456
500323
200105
700473
100207
100431
100943
500015
100861
600907
800975
500842
200709
800497
200947
700071
300887
100556
400689
700822
300922
200538
800804
200204
800470
500337
500762
800895
200629
800156
500023
200580
500713
500074
600478
100420
800603
200337
700449
400316
300717
600850
600120
100584
700850
300350
300477
600612
900745
700208
900122
700552
100848
100951
100209
400342
700475
200623
800889
500885
900958
300692
500556
400523
100390
600449
800059
800173
300356
900302
300036
200756
500889
400881
900383
600250
400045
700903
300941
100177
900200
800791
200525
500496
200363
500805
800938
200672
400168
600515
400009
200968
800018
300379
600512
100545
100808
400941
500634
800767
300817
700416
900506
900525
600392
300259
900469
600336
600466
900599
100486
800195
500062
400676
700809
800035
200831
100148
900232
300120
900386
700173
400365
500839
200706
800972
300948
600014
500867
801000
200414
500547
800680
500458
800591
100577
400710
700843
600754
300621
100152
700418
400285
200062
800328
300928
300826
600959
100870
600140
300007
600206
900339
800550
500417
600186
100677
700943
400810
900061
800688
300696
600119
300365
900631
600498
800169
700545
100279
300676
600104
800993
200727
500860
200832
800690
500557
700146
400013
500849
200716
300420
200577
800843
500710
800197
500064
400317
100184
700450
300220
600353
900486
800879
200840
500973
500097
900734
600601
100917
800187
700258
300289
900555
600422
100001
400134
100795
200558
800824
200217
800483
300523
600656
100642
300193
900459
600326
300863
600996
600295
900428
800109
600084
200397
800928
200662
500795
700371
100105
400244
100397
700663
200185
800451
500318
900321
600873
700209
100139
400124
700257
300336
900602
100072
800063
300879
500749
200616
700737
900313
300047
400920
100787
500683
800816
800863
500730
200597
700576
100310
800367
500234
800179
100461
800437
200171
500304
400516
700649
900382
500016
500721
600509
300376
200574
500707
900683
300417
600550
400999
100866
700807
400674
100541
100681
700947
400814
300947
400735
100602
400038
700171
200487
800718
500585
200511
400062
700195
700939
400806
700145
900490
100436
700702
800490
500357
200193
800459
700689
200211
800477
500344
300221
700287
400154
900037
600368
900918
300652
300907
400695
100562
400017
700150
800310
700547
100281
700165
300244
600377
900510
600832
900965
300699
300614
900880
100049
700315
400182
900871
100260
700526
800704
100675
500145
200012
800278
700948
400815
700048
100576
400709
700079
800466
200200
300757
600890
300632
100413
600891
300758
200176
800442
600884
200358
500491
600279
900412
300146
100930
400963
500070
800203
500864
700599
800548
500415
200459
500592
800725
900205
600072
300700
900966
200143
800409
500276
200937
100955
500851
800984
100228
400946
500921
200788
400636
300533
900799
500903
200770
700771
800338
900148
800772
200506
900923
400445
100312
700578
900210
600077
900214
800005
100387
700653
600342
500809
300693
900959
200362
800628
300150
600283
800607
500474
700478
500927
200794
200000
800266
500133
300509
600642
400868
400074
700207
800090
600330
300197
900964
300698
600831
200141
400371
100238
600716
300583
300837
600970
700055
700849
400716
600861
300728
900791
200762
700651
100385
400518
900996
600863
700082
800664
500531
200398
400743
200416
800682
300998
800276
200010
500143
400355
700488
500997
200864
300543
800999
200733
300496
600629
900762
300860
600993
900457
300191
500536
200135
500268
200929
400559
500306
200173
800439
500770
800903
100874
200796
100409
400542
500330
200197
100983
100104
700073
700867
400734
200320
800586
500453
200903
800981
500848
200715
800927
200661
100483
700749
100995
900018
700467
400334
100884
900285
300019
400910
100777
600730
300597
500297
200164
800508
500375
800032
400322
100189
600667
300534
200698
500831
700407
100141
600976
300049
600182
900315
600158
300025
900291
400607
400715
700848
100582
800611
600038
900171
400487
500931
400995
100862
200625
800891
600634
300501
900767
800210
500077
300746
600085
300999
100654
900478
300212
600123
800468
100204
500087
800220
900116
300956
400744
100611
900100
900894
600761
800580
200314
200544
300354
200333
600229
300096
900362
300853
600986
100167
800196
600287
300154
500890
200757
500096
700659
400526
300738
600871
400301
100301
600305
900438
300172
900244
300416
600549
500754
800887
500379
100030
600508
900641
300375
400561
600112
900245
200216
900045
900337
600204
800215
500082
300506
900772
500801
800934
200668
500007
200178
600074
900207
300735
600868
200003
100418
700684
800673
900928
300662
200149
800415
500282
200943
900950
800062
600226
300093
800549
200283
200847
300283
900549
800099
400859
400719
700852
700127
800709
200443
500110
800532
400458
100325
400073
400470
300291
600424
400079
700588
400455
800376
500243
200110
900139
300348
900614
100797
400930
900536
600403
700985
100719
600781
300648
700569
100303
700790
400657
100524
500146
700608
500263
800199
900781
600648
300515
901000
800443
200177
500310
300962
100752
800056
200359
800625
500492
200437
500570
800000
800253
400357
700490
100224
900766
300500
600633
800978
400374
800723
500142
800275
800822
500689
400384
700517
500513
900137
200510
800776
500643
500665
200532
800798
300320
600453
800971
900676
600543
700253
400120
300512
600645
100961
800990
800610
200515
400933
100006
400139
700272
700590
600431
900564
400086
700219
100975
900792
600659
900592
800782
600053
100448
900265
600132
500409
800995
200729
700732
100466
400599
300405
800945
100916
800137
500004
100855
200618
800884
100459
300126
600694
700482
100216
400349
200048
500181
800314
300630
500975
200777
700461
600042
900175
300612
600745
200055
900084
200820
900974
600435
800951
500818
700845
600731
300192
100572
200029
500162
100219
400352
400943
800129
400699
100566
700832
500260
800393
100915
900110
400426
900838
300572
100249
700515
400382
800892
500759
200626
700114
300481
600614
900747
400269
700402
600592
700018
400484
700617
200139
500272
700088
600603
400236
100103
600617
300484
900750
700802
400263
500073
700159
200475
200114
800380
400031
300609
900875
600742
200799
500932
300753
600886
200974
500147
700492
300202
600335
300996
100176
300521
500072
800205
900193
600060
500680
200547
700231
800250
300566
100221
900060
800297
500164
200031
900324
600191
600894
300761
700019
100075
400208
100073
300418
100783
700388
400255
100122
600600
300467
500316
200183
800449
500342
800475
200209
900238
700634
200950
300900
800653
200387
500520
100599
700865
600308
900441
300175
700129
800711
500578
200445
400293
100160
200904
900288
600155
600184
300754
600093
400027
700160
400096
100649
400782
800022
800838
500705
200572
700256
300335
900601
300238
600371
600680
300547
900813
800256
500123
800597
200331
500464
300844
400388
800527
700764
400631
100498
900640
600514
300381
800134
500001
100080
700346
600558
300425
900691
600017
900150
600450
900583
300317
800001
700902
400769
100314
700580
400447
300659
900925
600792
700161
700458
100192
500088
800221
500370
200237
200643
500776
700352
100086
700577
500232
800034
800872
200606
500294
200161
700464
100198
400331
100992
400872
400078
700211
500454
800587
600441
900574
300308
400821
100688
100981
100187
400320
500627
800760
700997
100731
500924
200791
800263
500130
600687
900820
600031
700613
100347
700955
100689
900087
100982
900005
700454
400321
800372
100402
400535
700668
200984
300794
400303
400756
100623
200298
500431
400887
400795
100662
300213
600346
200109
700565
400432
100299
100705
400838
800954
100925
600853
300720
100509
400642
800029
400133
100000
300682
600815
900948
700034
800479
200213
200335
500468
900389
600256
300123
700858
100592
500941
400214
700347
100081
600366
300233
200829
500962
900220
700829
800617
500484
300201
900467
700916
400783
500118
100197
700463
800618
500485
200352
700036
500891
700489
500345
800478
200212
500826
800959
200693
400929
100796
900932
600799
300666
800768
200502
800557
100528
600311
300178
800656
200390
500523
900756
300490
600623
600836
900969
300703
100380
700646
400513
600064
900197
100494
400627
800192
500059
400842
100580
900397
600264
700558
600953
300820
500990
800329
600142
300009
900275
300803
600936
300306
700996
200518
500651
600974
100518
400651
700784
800572
500439
100274
900885
600752
300619
800869
200900
400490
300702
900968
600835
800289
300372
600505
800125
700362
100096
900706
600573
200652
800918
100414
300914
200332
800598
300163
900429
200400
700084
900726
300460
900240
600901
400259
100126
500816
900696
200917
300164
900430
800667
200401
200635
600569
900702
300436
200648
500781
700970
400837
400043
700176
300255
900521
900188
800425
500292
200159
600037
700619
400486
100353
100987
300516
900782
800522
100493
900310
600177
300838
400164
700297
300245
800630
100698
400831
700170
600578
900711
400243
800933
800186
500053
800980
200714
600557
900690
300424
100504
700770
300971
300177
900443
600310
900259
600126
200886
400437
700570
600722
400552
300764
600897
700117
700820
400687
700741
600931
300135
300943
900890
300624
600757
900096
900493
300227
500572
500550
800683
200417
900541
300275
900198
100389
600073
200199
100453
400586
700719
300370
100193
400326
700459
600721
300588
800747
400812
700945
100679
900496
600363
400018
100382
700648
200170
500303
400368
900052
300580
600713
900073
300920
500471
200338
800604
500353
800486
300008
600141
500506
900427
600294
300161
600529
300396
300099
900365
700744
100478
800507
200441
800707
700456
200772
300107
700316
100844
400977
700777
100511
400644
600967
300834
600333
300080
900346
200317
700795
400662
400187
100460
700726
800514
200248
500381
600793
900926
300660
500280
100902
100108
400241
700199
400066
200490
500623
800756
700993
400860
100727
500579
200446
700130
400264
100131
700397
600609
300476
900742
900017
800138
900651
600518
900050
100233
700499
400366
700299
400166
800033
300983
500887
700516
200357
700592
200908
300252
900221
700004
200251
500384
600172
300039
600025
900158
300143
900409
900786
300520
600653
300228
600361
900494
600394
400006
800696
800643
200377
500031
600588
900721
400059
700192
300388
600521
500733
800866
200259
800525
800632
700707
600956
600162
300029
900295
500662
800795
200529
700213
100741
400874
700007
100535
400668
700572
100306
400439
400914
100530
800559
300875
900347
600214
900669
800238
500105
900598
300332
100415
700681
400142
500699
200566
800832
400358
900042
400295
100162
100843
400976
600143
900276
300804
600937
900250
200221
100364
400497
700630
200946
600842
900975
200174
800440
200381
500514
200128
800394
100721
400854
900607
600474
400151
700284
100078
700344
400211
300423
900689
600556
100872
600800
300667
700958
400825
800272
500139
200800
200453
500586
800719
400776
700909
800157
500024
400620
700753
900801
600668
900007
300090
600697
900830
500140
600994
300861
700957
400824
100691
100798
600482
300685
600818
700606
400473
700240
400107
300319
600452
100196
700462
500911
200778
900366
600233
500898
500698
200565
600461
900594
200243
800509
500149
200016
800282
400972
100839
600523
500079
200740
900153
100336
400469
200666
800932
100903
600822
900955
800398
500265
900436
300170
700860
700519
200835
800744
200478
100440
400573
300812
600945
100877
600805
900938
300672
600011
800484
500351
800890
400681
700814
300168
900434
200086
500219
400968
400866
300483
900749
600616
900410
700065
700859
400726
400189
100850
100462
700728
800516
500383
200488
500621
600102
900235
100845
400978
200611
800877
500744
600288
800180
700417
100151
400940
100013
700279
500065
800198
600122
900255
200004
500137
800973
200707
400327
900011
300303
600436
900569
800806
200540
200493
800759
400936
400273
100140
800588
200322
500455
400240
500797
800930
500290
100598
700864
800652
500519
300174
100367
200736
700739
100473
400606
600929
300796
300383
800136
500003
600560
900693
600798
300665
600001
900134
200569
800835
400145
400196
700329
400990
700520
100254
400387
200767
500106
600997
300864
500174
800307
100278
600281
900414
300148
900117
700566
400433
800354
500221
200088
200089
700585
400452
200129
500262
200923
200526
800792
400896
100763
400245
700378
900678
700652
400519
200196
500329
300953
500504
800637
500573
500241
800374
700611
100345
700325
100059
100465
700731
400598
800155
500022
700336
100070
400203
300415
600548
800412
500279
800808
500675
800014
300771
200189
800455
400603
700736
700643
100377
500159
200026
900724
700763
500418
300964
700077
700871
400738
100186
700452
300531
900797
100401
400534
700667
700031
600243
300110
900376
600168
300035
200247
500380
300478
900744
600611
700399
400266
800391
900973
300707
500008
800141
700331
200578
800844
500711
600499
300366
800050
400254
100121
900732
300466
900413
600280
200655
800921
400231
200343
800609
500476
200097
500230
300060
200272
500405
400617
700750
700158
400025
100936
600992
300859
400647
100514
900331
600198
700099
400344
700839
100573
600257
800602
800335
500202
300082
900348
600215
300876
200975
700682
300463
600596
900729
300671
600804
500588
200455
700933
400800
600101
900234
500291
800424
900077
900780
600647
100169
400302
200726
500859
800992
800277
200011
500940
700988
400855
700194
100041
800072
700309
400176
100043
800283
500150
400362
100229
700495
900173
600813
600019
900152
400468
800770
700415
400282
100149
800631
200365
500498
900419
300153
100555
700821
400688
200482
500615
700532
100266
100672
400805
600356
900489
800342
500209
200076
600834
900967
400105
700238
300142
900408
100591
400724
300548
600681
500735
800868
200602
400554
700687
600877
900216
100015
400148
400270
700403
200719
500058
500970
200837
500687
200554
800820
600475
800315
100218
700484
400351
900035
500161
200434
800700
100921
700650
400517
200172
600211
300078
800556
200290
500423
800940
500807
500013
800146
700724
100458
600464
900597
300752
600885
100023
400156
100817
100400
700666
800454
500321
500365
200232
700710
400577
700688
100422
600581
500793
800926
600643
300510
800988
500855
200586
800852
500719
800232
800506
500373
900400
300134
500160
800293
200821
500954
300324
600457
900590
400050
200962
500237
800370
200104
100640
400773
700203
900194
900988
300722
600855
200744
600640
900773
900523
900970
600837
100570
700836
400703
700042
300190
900456
600323
900979
600846
500289
800422
200156
100447
400580
700713
500368
900333
800899
200633
500766
200836
200042
800308
500175
200406
800672
700115
400809
100676
100123
200120
100898
400759
500569
600344
900477
600926
300387
800627
200361
700290
400157
600320
300981
100567
400700
200651
800917
400932
100005
700271
300679
900945
600812
200393
800659
500693
800826
200560
400111
700244
300569
900835
600702
200047
700413
100147
400280
800223
200751
500884
900565
600432
300299
600555
900688
300226
800965
500832
200699
500038
400215
100082
100127
200684
500817
800500
500367
200234
600130
900263
800858
900634
300368
800052
500201
300557
900823
600690
100764
600146
900279
300013
500102
800235
700472
100206
400051
700184
100712
400845
900187
600054
300620
600753
900886
900162
100720
700986
800774
200508
500641
600939
300012
900278
400911
100778
500341
600726
800553
500420
500624
900770
100159
400292
700425
700264
300433
900699
600566
600170
900303
300558
600691
100316
700582
700024
700968
400835
600185
100501
700733
400600
100467
500363
800496
100128
700394
300911
300511
300017
600150
300237
900503
700952
400819
400408
700541
100275
300638
900904
100047
900306
500660
800717
500584
900505
300239
900517
700539
400044
800100
700337
400204
100071
600447
900580
400509
700642
300979
200035
800301
500168
700513
900803
300537
600670
300799
600932
700720
400587
200061
500131
800264
400614
100481
800510
800937
200671
300577
600710
900843
800135
500002
300426
900692
200070
100973
300524
600657
700729
400596
100804
900360
300094
600227
700779
100513
400646
300429
400217
700350
100084
300954
300160
600293
700220
600269
300136
800259
400998
800061
700140
400007
600225
900358
400993
100860
300908
300951
300902
500500
200367
300607
900873
800402
500269
200136
600032
900165
400495
100362
700628
200944
700310
400177
600234
300101
900367
600163
900296
500187
500764
600352
900485
200519
500652
800785
700228
400095
100725
400858
300276
900542
600332
200071
500204
500199
800332
200066
900889
300623
600756
200849
500982
200394
800660
500527
700497
400364
500313
800446
100417
400403
700536
100270
300601
900867
500786
800919
100890
700305
100039
400172
200596
500729
800862
900550
300284
300544
400748
700881
100615
800417
200151
900180
700730
800518
500385
900107
600969
200279
900261
600128
700873
100607
300952
700038
500034
800167
800751
200485
800274
500141
200775
500908
100097
400230
800382
200116
500249
500086
800219
900919
300653
400441
100308
500358
200225
600224
300091
800390
200124
500257
200815
500948
600199
700781
400648
100515
200902
100828
600995
300862
600486
700005
900432
600299
300166
100525
800976
100271
200828
500961
700564
400431
300643
900909
600776
600766
300633
400758
700097
400566
700699
100433
600911
300778
900231
100846
400979
600292
900425
200404
800670
500197
300783
500041
800174
800968
500835
600864
300731
600621
300488
400276
700409
100143
800161
500028
700789
800287
500154
900727
600594
400621
700754
100488
300901
500452
800585
400791
100658
700924
800619
200353
500486
400666
700799
100533
800594
100565
100011
100058
800087
200615
800881
500748
100978
900001
600181
900314
200201
800467
500334
200236
800502
500369
900046
200608
100820
400953
600701
300568
400378
100245
200802
500935
900856
300590
200513
500646
600597
300464
900730
600966
600026
200421
500554
800453
100540
400673
900369
600236
700328
100062
200867
200073
800339
500206
300014
800492
500359
500777
200644
800910
100881
200850
200996
900355
300089
700629
100363
700709
400576
100443
600420
900553
600700
100785
500681
200548
800814
200790
400645
100512
600016
900700
300434
700627
100361
400494
400841
100708
900633
300367
800051
900655
300389
800867
500734
900587
600454
100770
800825
500692
600679
900812
800246
400701
100568
300913
200498
500631
100976
100868
800006
500667
900588
600455
300322
100627
900877
300611
600744
900083
300352
600485
500599
800732
600387
400278
100145
700411
200258
500391
800524
700870
400737
100113
600552
300419
900685
100154
400287
100948
500116
800249
700486
400353
100220
900831
600698
300565
400529
700662
800450
500317
400019
300125
200162
500295
800428
400427
900646
300380
900902
300636
500753
800886
100343
700609
200753
500886
800236
500103
100174
700440
800047
600496
300363
300550
600683
900816
800828
200562
800341
200075
800400
500267
800845
200579
400957
200780
100146
700412
800994
500861
200728
500067
600883
300750
700863
400730
100597
800626
600306
400194
700327
700465
200140
300697
600830
400101
700234
500436
800569
600682
300549
900815
200647
800913
500780
400659
100526
600760
900893
300627
500048
100522
400655
700788
500319
800452
600007
900140
500244
800377
200111
400416
100283
900779
300513
500472
200339
800535
800534
500401
200268
100480
400613
500425
800558
100634
700900
500372
200239
700717
400584
400679
700812
500565
200432
900740
700721
100455
400588
600046
900179
600598
300465
200916
900192
500999
200866
300629
900895
100092
700358
400225
400680
100547
900364
600231
600414
900547
300281
900558
300292
700035
300114
600247
900380
800691
500558
500907
200774
300301
900567
400089
700222
700059
500972
200839
200286
500419
800552
800268
800734
500601
500750
200617
800883
700326
100060
400193
800771
300293
600426
800267
500134
200254
800520
500387
600458
900591
300325
400308
100175
400565
700698
600806
300673
800066
600044
800581
500448
700879
100613
700671
400538
700972
100706
900905
300995
200760
600166
900299
900985
600852
700940
900516
600383
300250
100950
600584
300451
700107
300552
900818
600685
300749
900483
600350
900155
600022
900635
300369
800815
100786
600410
500069
500343
800476
300849
300408
400010
700143
700932
100666
400799
800720
200454
900872
600739
300606
800097
600056
800218
500085
200746
500918
200785
500388
800521
400003
500909
400147
100014
500704
500233
800366
200100
700218
400085
900051
200052
800318
500185
200036
500169
100469
500091
800224
800762
700898
100632
400765
900524
600391
200470
500603
800736
300991
100115
400248
400121
700254
300556
900822
300439
600572
900705
700360
900713
600580
600399
300955
600349
900784
800227
500094
800941
200675
800750
500246
600803
900936
800958
900044
200813
900370
400857
200465
500598
800731
700174
400041
300443
600576
900709
500813
800946
200680
300992
800537
200271
200103
300830
600963
300940
700274
400935
700103
100165
700431
400298
400545
100412
700700
100434
400035
700168
900460
300194
100508
700774
700880
100614
400747
700086
500507
200374
100102
300023
900289
300906
700505
400372
800983
200717
800007
200535
500668
600768
900901
600604
200195
800461
900764
600631
300498
900924
600791
100761
400894
600542
300409
900675
500779
200646
400479
100346
900163
600030
400683
700816
100550
500446
800579
300351
800763
500630
600418
300285
200721
800987
500854
700060
800715
200449
400000
700133
800671
500538
300129
900395
900437
300171
600304
300489
600622
100307
700573
300397
200954
200274
500407
800540
200747
600678
900811
700980
300290
400350
700483
200419
500552
200521
800787
500654
300392
900658
600525
500076
800209
600027
900160
800969
200703
500568
200435
100087
600802
500863
800996
800676
200410
900415
300149
200948
700508
100242
400375
600720
600527
900660
300394
700805
500773
400216
100083
400927
200632
800898
500765
800104
800752
500619
700125
200299
500432
800565
900353
600220
300236
600759
800208
500371
200238
300001
600134
900267
600495
400915
100782
800907
900837
300571
600704
900445
300179
600312
500958
200825
600807
300674
700110
500216
200083
600773
300797
600930
600221
300088
500071
100979
400097
700230
500480
800613
900612
300346
800526
500393
800158
500025
300449
900715
800823
500690
200557
700847
400714
800809
800095
100519
400652
600203
900336
700188
400055
100120
700386
100410
700676
400543
900054
800447
800577
500444
200311
100710
700976
400843
400165
700298
500994
200861
200067
800333
500200
100825
800086
700323
100057
200215
800481
800217
500084
700981
100715
400848
300858
300736
800420
900248
500352
200219
100491
700757
700124
600755
800716
200450
200576
500709
400482
100349
100560
600246
300113
200607
800873
700921
100655
600242
300109
200690
500823
900190
600057
600490
300357
600028
900161
100549
400682
900990
600857
300724
400181
700314
600535
900668
400707
700840
100574
200967
500382
800515
700787
600160
700654
100388
400521
100630
400763
200881
700078
600625
900758
300492
100940
500720
200587
800853
500559
200426
800692
600343
300210
900476
500580
200447
600148
300015
900106
600767
900388
600255
300057
300225
600358
900491
200295
800561
900661
300395
800658
200392
500525
300180
400870
100737
800385
500487
800620
500475
800608
900080
100544
700810
400677
200879
300934
800178
500045
500824
200691
800957
900208
100352
400485
700618
200934
800075
600524
900657
300391
200575
600934
300642
600775
700895
100629
300974
200102
800368
500235
200896
400802
700935
100669
200665
800931
500798
200960
300915
900417
600284
900560
300294
600427
500596
800729
800908
500775
200642
400456
100323
500791
200658
800924
200952
800445
500312
300835
600302
300169
900435
700531
400398
100365
700631
400498
900495
600362
300229
500957
200824
900673
300407
600540
100751
400884
200492
800758
700312
200058
800324
400754
100621
800245
500112
600159
300026
900292
500411
300712
600845
900593
400966
400463
700596
100656
700922
100069
900352
600219
800657
200391
700075
100479
400612
700745
800783
500650
400114
600035
900168
300938
200812
500945
300279
600412
600316
300183
200433
500566
800699
100683
700949
800839
500706
100728
700994
500868
900883
600750
100906
800616
300651
900917
500951
200818
200024
500157
400562
700695
800539
700776
400643
100510
500212
200079
100291
400424
900257
600124
700306
400173
100040
100171
700437
400304
200461
500594
700793
400660
200288
800554
500421
100641
400774
800057
300330
900596
600463
200868
200131
800397
200682
500815
200779
500912
300068
900334
300469
600602
800317
500184
900535
600402
300269
300473
600606
900057
500628
200495
800761
800662
500529
900765
300499
100713
900335
600202
300069
900282
300016
400898
300726
900992
300519
900785
600652
900062
400020
900708
900993
600860
200634
800900
100894
500378
800511
200245
400318
100185
100003
700269
400136
500979
300829
600962
400022
700155
700189
300214
900480
100552
700818
200814
500947
200737
500224
700824
400691
400299